209655
230425
231689
231690
243052
244313
244314
267036
267958
276574
455776
129888
129889
129890
218327
218328
242963
242964
267037
276577
276578
616825
618840
133773
133775
133777
133778
148154
218320
218321
267038
276579
475436
550677
148412
152603
209439
600514
152815
149379
149380
267039
276580
155663
155664
162044
232314
246416
267040
276581
450311
215162
215164
162111
253837
164300
164301
164302
246414
246415
267041
591049
641117
162279
170278
170279
170280
175562
267042
276582
451149
170457
475656
475657
475658
475659
477232
477265
532027
532028
532029
532030
532031
616299
616300
616301
616302
645309
175560
179423
229391
267043
276583
181267
181268
198519
198520
198522
200142
207986
207987
207988
207989
207990
207991
207992
209322
209532
209533
210169
210170
210197
210198
210199
210200
214268
214269
214270
214271
214360
218437
218438
218853
218854
218855
218856
218857
218858
220289
220290
220291
220292
220308
220310
220311
221761
224741
224742
226128
226133
226136
226138
228813
229747
229748
230085
230086
230393
230394
230396
230397
230399
230400
230401
230402
230403
230426
230427
231292
231294
231295
232770
233354
233355
233356
233357
235709
235710
235713
235714
236379
236549
237105
237106
239236
239237
241093
241109
243559
243561
243562
243571
243573
245517
245518
245519
245520
245521
245522
245728
245731
245732
245733
247818
247819
247820
248071
248072
248073
248205
248208
248714
249689
249693
249705
249713
251014
253396
253839
256408
256830
256831
256832
256833
257712
257713
257714
257715
257716
257717
257718
260709
260865
260866
260867
260868
260869
261779
262637
262638
262639
262640
262641
262642
262646
262968
262969
262970
262971
262972
263029
263030
263031
263033
263034
263258
263259
263542
264259
264416
264422
264757
264758
264764
265250
265252
265706
265943
265945
265946
266001
266002
266637
266641
266642
268069
268713
270151
270152
270153
270154
270478
271585
271939
271940
271941
271942
271943
271944
271946
271947
271997
271998
271999
272000
272521
272522
273608
273609
273610
273611
273613
275938
276609
277564
277568
278924
279606
280847
280857
280858
280859
280864
281981
281982
281984
281988
281989
281990
281993
281994
282002
282003
282004
282250
282645
283135
286470
286476
286477
286618
286619
287228
449727
450103
451099
451118
451119
451120
451121
456111
456118
475802
477170
477171
477172
477173
477174
477178
477254
477255
477284
477286
477288
477289
477475
480208
482138
482320
484213
484357
484358
484359
484360
484362
484363
484372
484380
484382
484384
488324
489343
489632
496018
496020
497177
497380
497387
497388
497389
497390
497728
497841
497842
497851
497853
497856
497870
497966
497967
498043
503300
504250
504252
504257
504330
504332
504431
504435
504438
504442
505939
509570
514256
516576
516577
516578
516580
516647
516946
516987
517101
517119
517120
517551
520353
523954
526914
527671
527674
527801
529698
530756
531572
531573
531574
532025
532385
532402
532404
532539
532560
539305
539385
539428
539429
541168
541171
541175
541205
541321
543171
543172
544239
544241
545403
545404
546458
546616
546617
546618
547129
549432
549433
549443
549451
549452
549453
549454
550688
551456
551628
552236
552237
554175
554179
554180
554181
554182
554183
554184
557326
557327
558746
558747
559089
560625
561521
561885
562354
562356
562357
562358
562360
563857
564145
564146
564248
564274
564277
564278
564280
575185
575186
575198
575294
575706
575897
576482
577596
583521
583776
587365
587366
587367
587368
587369
587746
587747
587750
591145
591146
591147
594414
594491
594495
594539
594729
594896
596517
596518
598499
603323
604240
604493
606605
609597
610741
616291
616292
616293
616294
616295
616296
616297
616298
616303
616304
616305
616737
616920
616940
616951
616953
619075
621096
621135
623014
623015
623029
623647
623648
624518
625038
625049
625050
625051
625695
625906
625952
626605
628094
628493
628494
629647
633081
633082
633083
633084
633085
634329
634607
635621
636312
636740
637464
639446
639713
639828
639830
644852
648365
648586
648588
649191
649193
649194
649195
649197
649199
649200
649295
650144
650148
650229
650397
650885
181699
181702
181703
181706
185256
185257
185258
185259
267044
276584
524330
547128
595411
624521
624522
185243
187239
237678
264258
264420
502477
502478
232315
240188
240189
267045
276585
524331
229579
229580
232313
267046
276586
198634
213476
545766
648466
199309
267047
276587
546609
206027
206028
206029
206030
206033
206034
206035
206036
206037
206038
206039
209531
210576
210577
220750
220751
220752
244411
263544
265314
282885
282886
282887
283071
287500
287502
287503
287504
287505
287507
487795
530142
210561
210562
210563
210564
210565
210566
210567
210568
210569
210570
210571
210572
210573
212820
212821
214227
214230
214231
214232
240182
264421
265316
276575
276576
279257
279258
279259
487796
216852
216853
216856
216857
216858
216859
216860
216861
216862
216863
216864
216865
216866
218839
218840
220108
220109
220272
220277
256971
257320
265317
266951
487797
218789
218791
218792
218794
218796
218797
218798
218799
218800
218802
218803
218804
218806
218807
218852
247385
265318
218626
221312
221313
221744
221745
221746
221747
221748
221749
221750
221751
221752
222985
222986
222987
226137
228978
228979
230087
230088
231693
243051
245143
265319
278642
487798
228821
228822
228823
228824
228825
228826
228827
228828
228829
230391
230392
230956
230957
230958
230959
230960
230961
232636
233315
238606
240190
240191
240192
265320
266962
268482
268484
284772
229276
229277
229278
229279
229280
229281
229282
229283
229284
229285
230191
230192
231293
231296
231297
233335
233359
235284
236377
236378
236457
236458
238637
238638
244414
251879
257189
265321
487794
231299
231300
231301
231302
231303
231304
231305
231306
261803
232748
236257
236258
236259
236260
236261
236263
236265
236266
236268
236269
236272
236273
236276
236278
240975
240977
242013
244410
245856
247281
247282
256274
256275
256972
492290
242434
242435
242436
242437
242438
242443
242444
242445
242447
242448
242449
242450
243425
243721
243722
244337
245352
245376
245855
245877
245878
245879
245880
246274
247497
247498
247603
247604
248124
628319
641794
650863
242807
242808
242809
242810
242811
242812
242813
242814
242815
242816
242817
242818
242819
242820
244726
244727
245139
245140
247470
248577
251199
251217
251880
251895
251986
251987
251988
251989
252416
252739
252740
256970
261802
282156
455796
518638
245876
247646
247651
247654
247655
247656
247657
247658
247659
247660
247666
247667
247668
247670
247671
247673
247675
247676
247817
249619
253454
253455
256271
263545
282721
283599
283851
509886
509895
547703
557076
635742
638064
256124
256125
256128
256129
256130
256132
256134
256135
256136
256137
256138
256139
256140
256141
256142
256143
256144
256145
256146
256147
257375
264269
265251
509881
599964
639337
651285
265515
265519
265520
265521
265522
265523
265524
265525
265526
265527
265528
265529
265542
265543
265544
265545
265546
265558
272137
279424
279598
489339
489340
489341
489342
496025
496130
523959
265253
270708
270709
270710
270711
270712
270713
270714
270715
270716
270717
270725
270726
270727
270728
270729
270730
270731
270732
270733
270734
270735
271500
271501
271502
271503
271504
271511
271512
271513
274421
275825
275826
275827
275842
275845
630089
277324
277325
277326
277327
277328
277329
277330
277331
277334
277335
277336
277345
277346
278792
278793
278794
278795
278796
278797
278801
278803
278804
278819
282000
282001
282005
282401
282402
282403
282404
282405
282406
282407
283325
285674
454377
479361
496024
496131
637417
648474
282530
283388
283389
283391
283393
283394
283396
283397
283400
283401
284930
285042
285280
285775
285776
285777
285778
285779
285780
285781
285782
285783
285784
285860
454484
486325
486327
496023
550837
562366
280301
280302
453466
453467
453468
453470
453471
453474
453488
453489
453490
453491
453492
453493
453494
454246
454247
454452
475617
475618
475619
475620
475628
475629
475630
475631
475632
475633
475634
475635
475644
475646
475647
475648
485423
490542
505916
516939
527562
527796
563307
609238
616290
631791
476451
476452
476453
478253
478254
478257
478258
478273
478274
478275
478335
478336
478756
478758
478759
478761
478762
478763
478765
478766
478767
479328
479330
479331
488776
489369
497166
497167
530121
600076
649407
493973
493974
493975
493976
493997
493998
493999
494001
496905
496908
496911
496913
496914
496927
496929
496931
496935
502480
530106
537410
609027
617015
618829
622967
622968
649413
501256
501257
501258
501259
501260
501261
501262
501263
501264
501265
501266
501267
501268
512047
513422
514193
515079
534087
557084
557085
557086
557087
606743
618341
501999
502000
502001
502002
502003
502004
502005
502006
502007
502008
503313
504467
506640
513405
513409
515970
518781
518782
522699
522700
522701
522702
522703
522704
522705
522706
522707
522708
528030
530105
505942
505943
505945
564134
512801
512809
512813
512815
512820
512821
512822
512828
512831
512834
513433
513434
513437
513511
514068
514070
514223
514224
517210
524394
526674
546605
546606
607504
625581
625582
641808
649417
516527
518886
528038
528039
528040
528043
528044
528045
528047
528049
528050
528051
528052
528055
528056
528057
528058
528059
528060
528063
528079
528080
528082
528227
528228
528229
528324
528771
529039
530700
530704
536266
635609
532841
532845
532848
532849
532853
536225
536227
536229
536284
536594
537409
537411
537417
537418
538775
538786
538787
538789
538807
541017
544679
544687
550822
550823
604248
607502
617011
617012
649416
543843
543844
543845
543846
543852
544170
544171
544172
544177
544179
544180
544182
544384
544385
544386
549487
549489
549491
549494
593672
607501
617189
617190
649421
551930
552997
552998
552999
553000
553001
553002
553007
553008
553009
553010
553011
553012
553018
553023
553031
553075
553094
553099
553102
618355
635485
635736
557330
557331
557334
557337
557338
557340
557341
557345
557350
557352
557354
557357
557361
557363
557365
557366
559102
559530
599942
599943
609235
616947
616948
649420
558713
558714
566954
579930
591211
565599
565600
565602
565603
565604
565605
565606
565629
565630
565631
565632
565633
565634
565635
565636
565637
565638
565639
580708
593687
594269
606613
606614
628641
646039
593294
593324
593355
593356
593359
593450
593451
593453
593455
593456
593457
593458
593459
593460
593461
593462
593463
593466
598470
598486
598487
598488
598489
598490
600518
600697
606881
609716
610317
614356
615027
617807
617823
620024
622770
629828
635011
638058
650799
650804
610929
610930
610931
610934
610935
610940
610948
610949
610950
610951
610952
610953
610954
614449
614450
623628
624925
625583
625584
626562
626630
626659
626660
629568
631972
647762
649492
615609
624675
624676
624678
624679
624681
624683
624684
625670
625677
625683
625684
625687
625688
628395
628396
628398
628413
628428
633105
633106
634383
635053
635328
649711
650765
630429
630430
630431
630432
630433
630434
630438
630439
630440
630441
630442
630443
630444
630445
630446
630447
630612
630613
630614
630615
630686
630687
630690
630691
649220
630688
630689
630692
630693
630694
630695
630696
630697
630698
630699
630700
